268
Mall_Florida 7 92 1598 157 1599 84 88 90
4U 5 157 1599 158 85 84
Carzor 6 158 1600 1601 87 86 85
Acai 3 113 112 114
Video_Retro 4 113 1591 1590 112
Games_Two 4 112 1590 1580 111
Carzor2 4 1580 11 109 200
Hipermaxi 5 112 111 109 108 114
Condominio_Kennedy 5 200 1575 1566 110 109
Plaza_Astro_2 6 1566 1570 1572 1565 108 110
Vizzios 4 104 1616 1617 105
Summer 5 102 105 1617 1621 101
R45 4 75 74 2130 2131
Colegio_Evans 6 66 72 73 74 2130 2129
R39 4 147 146 2128 2127
DC_Central 4 152 147 2127 2126
Edificio_Wagner 4 139 152 2126 2132
Teatro_Camelot 7 137 140 139 2132 2141 129 130
Beef 4 128 129 2141 2142
Edificio_Ryuk 4 127 128 2142 2143
Estacion_Crossways 4 124 127 2143 201
Hotel_Caesar 7 119 121 125 124 201 2160 120
R29 3 117 120 2160
R1 3 1 2 154
R2 6 154 2 3 4 9 153
Libros_Harry 7 1 2 3 4 5 7 6
Edificio_Cristobal 4 5 7 4 8
Peluqueria_Condorito 5 6 7 8 11 12
Torre_Forte 4 8 12 10 13
Jazz_Club_Eb 6 11 12 20 21 15 14
Bar_Oso 3 14 15 16
R15 4 12 20 13 22
R12 5 16 15 19 18 155
R10 4 15 21 20 19
R16 3 20 22 19
Cancha_Auschwitz 9 153 9 10 13 51 52 53 56 57
Ferreteria_Wall-e 4 13 22 51 50
Comics_Coleman 9 51 50 49 48 47 55 54 53 52
Dulces_Wonka 4 22 23 41 50
Estacion_Railway 4 18 19 24 23
Licoreria_Pony_Pisador 3 24 25 23
Parrilla_Bull 5 57 56 58 59 60
Pizza_Mama 4 56 53 54 58
Restaurant_Remy 4 58 54 59 55
Parqueo_Seguro 4 42 49 48 43
R24 4 41 40 42 43
Abogado_Saul 7 43 40 44 45 46 47 48
Cine_Kino 6 23 39 38 37 40 41
Mall_Swift 7 40 37 36 35 46 45 44
Mall_Foucault 5 25 23 39 34 28
R27 4 25 27 29 28
R26 4 28 29 34 33
R26 6 39 38 37 34 33 36
Cafe_Kohi 33 32 35 36
Lavadero_Clean 4 29 31 32 33
Salon_Fenix 4 27 30 31 29
Rotonda_Iruka 4 30 83 62 31
Club_Campo_Santander 10 156 24 25 27 30 83 82 84 88 89
Red_Velvet 4 89 91 90 88
Edificio_Natura 5 84 85 79 80 82
Pizza_Z 5 82 81 80 62 83
Tacos_Nacho 3 32 35 60
Mall_Carlsen 5 31 62 61 60 32
R41 4 62 63 64 61
R40 4 61 64 65 60
Edificio_Ptah 4 63 69 68 64
Colegio_Emilia 4 69 70 67 68
Juegos_Bay_City 6 64 68 67 72 66 65
Edificio_BMW 4 67 71 72 73
Centro_Deportivo_Klose 8 70 98 99 75 74 73 71 67
Parque_Saw 4 87 93 94 76
Cinnamon 4 77 76 69 63
Fish 7 79 78 77 81 80 63 62
Pearl 4 85 86 78 79
World_II 5 86 87 76 77 78
Tibo 4 76 94 70 69
OralB 5 94 93 95 96 70
Audi 4 70 96 97 98
Tennis_Potosi 5 95 103 102 97 96
Toyota 4 97 100 99 98
Club_Idea 4 99 100 101 75
Fairplay 4 103 104 105 102
McTrump 4 115 118 119 116
Sushi_Tamago 5 118 122 119 121 123
Edificio_Continental 4 116 119 120 117
R30 4 121 123 125 124
Kebab 4 123 126 127 124
Mall_Rouseau 10 122 134 135 131 132 133 128 127 126 123
Castores 3 136 134 137
R35 4 135 137 130 131
Hotel_Doichlant 6 131 130 129 128 133 132
Edificio_Palacio 6 136 138 142 141 140 137
Manga_Central 5 142 143 145 144 141
R36 4 141 144 151 140
R38 4 140 151 152 139
R39 5 144 145 149 150 151
Parque_Narnia 6 143 146 147 148 149 145
Marvel_Central 6 150 149 148 147 152 151
BELOIT 2 1598 1597
ROTEMASKER 3 1593 1592 1602
BIENES_RAICES 4 1597 1596 1595 1593
Wii 4 1598 1597 1596 1599
CONSTR._PENTAGONO 4 1593 1592 1595 1594
LCA_STUDIO 3 1584 1583 1603
TIFFANY 4 1599 1596 1595 1600
MALL_LANA_DEL_REY 4 1585 1584 182 1583
COCONUT 3 1583 1603 1578
KFC 4 1600 1595 1601 1594
GALERIA_VICTORIA 5 1588 1585 1589 1582 1581
PLAZUELA_STRAWBERRY 2 1591 1588
ZARA 3 1578 1586 1604
FERRET._LYL 5 1581 1582 1583 1578 1577
ELECTRO_SERVICE 4 1591 1588 1589 1590
JARDIN_INF._MONTESSORI 4 1577 1578 1586 1576
DREAM_STORE 4 1590 1580 1581 1589 1581
PALET_MOON 4 1586 1576 1579 1606
EST._SERV._SALVATORE 6 1580 1581 1577 1576 1575 1573
KWIK_E_MART 3 1579 1606 1605
COUNTRYFOOD 5 1573 1576 1579 1571 1568
SHOP_LRIG 4 1571 1579 1605 1608
EDIF._STAR 4 1575 1573 1566 1568
WHOLE_SHARE 4 1568 1608 1567 1543
SWAN_EVENTS 6 1566 1568 1570 1567 1607 1611
C.SONG 4 1567 1543 1607 1659
ESCUELA_DANZA 4 1500 1501 1502 1517
TIKI 2 1501 1500
FOTOCENTER_LE_ETIT 5 1539 1514 1638 1538 1515
PETKORP 4 1536 1527 1520 1523
IRBE 4 1527 1523 1521 1530
HOTEL_MAGENTA 5 1537 1536 1520 1533 1510
CONDOMINIO_SEVILLA_REAL 5 1538 1638 1516 1510 1537
EDIF._ISLA 5 1523 1521 1502 1503 1624
CONDOMI._AMBAR 4 1515 1638 1516 1540
PLAZA_COMIDAS 5 1520 1523 1533 1504 1624 
IMP._CAMPERO 5 1653 1652 1504 1624 1503
HOTEL_GAMA 4 1510 1654 1533 1507
GALERIA_VICTORIANA 4 1500 1502 1503 1652 
BODEGA_PIL 4 1516 1510 1509 1654
WET_CHEMICAL 5 1509 1516 1540 1622 1511
ECOBIKE 4 1504 1652 1503 1653
SASTRERIA 5 1623 1514 1539 1508 1544 
PARQUE_FAMILY 6 1514 1515 1623 1540 1513 1622
COLEGIO_BRITANICO 7 1512 1513 1623 1544 1506 1505 1543
DISTRICT._FLOWER 4 1513 1512 1622 1511
MARKET_PEPPER 5 1548 1545 1546 1547 1551
BMSC 4 1549 1545 1552 1548
PRODEM 3 1547 1553 1651
OPTICA 4 1651 1559 1553 1650
SWEEET_ADICT 4 1566 1563 1613 1614
MUSEOART 4 1546 1547 1553 1554
ITALIAN_FOOD 5 1559 1566 1563 1556 1656
COLEGIO_TRINIDAD 4 1545 1546 1554 1543
LIB._MUNDI 4 1549 1550 1545 1543
COPY_ART_DECO 5 1528 1529 1554 1553 1656
CYRENE_MODA_BIRD 5 1563 1556 1524 1614 1615
FARMACORP 4 1656 1556 1528 1524
P._DA_VINCI 4 1543 1550 2170 1544
EDIFICIO_SOL 4 1518 1524 1615 1525
SUPERMARKET 6 1543 1542 1531 1534 1535 1544 
OVERTIME 6 1529 1532 1530 1526 1523 1528
VIDPETS 4 1542 1529 1532 1531
EL_CEIBO 4 1523 1526 1522 1518
BCP 3 1518 1519 1525
OPTICA_PYME 4 1534 1531 1536 1527
LOS_TIEMPOS 4 1535 1534 15537 1536
DERMAMEDIC 4 1532 1530 1527 1531
FAIR_PLAY 3 1522 1518 1517
PLAZA_DE_BASTILLA 6 1530 1526 1522 1517 1502 1521
P.ZOO 4 1572 1611 1610 1572 1570
AREQUIPA_CENTER 4 1617 1616 1657 1658
HIPER_MAXI 4 1607 1574 1659 1609
CINEPOLIS 5 1620 1621 1617 1658 1617
PLAZA_ASTRO 5 1565 1572 1610 1562 1558
JARDIN_INFANTIL 5 1610 1562 1574 1607 1611
SKY_GAMES 4 1618 1619 1658 1657
IGLESIA_SAN_MIGUEL 4 1561 1655 1562 1558
REPOSTERIA_STRAWB 4 1574 1560 1609 1612
MINISO 3 1557 1558 1561
INST._NORTE 5 1562 1574 1655 1564 1560
ECO_ZONE 4 1551 1557 1561 1547
BURGER_KING 4 1561 1655 1564 1651
BANCO_UNION 7 1651 1564 1560 1559 1566 1612 1613
Hospital_Viedma 3 2000 2001 2014
Hotel_Palacio 4 2001 2002 2015 2014
Colegio_España 6 2000 2001 2002 2003 2214 2215
Club_Real_Madrid 3 2215 2214 2216
Municipalidad 3 2014 2015 2016
Aduana 2 2016 2021
UTO 4 2016 2017 2020 2021
La_Razon 3  2020 2021 2022
Cine 2 2022 1541
Casa_del_Campo 5 2020 2024 1505 1541 2022
La_Bombonera 5 2024 2025 2026 1505 1506
IdealEvent 5 1506 1544 2026 2029 2030
Club_Aragon 4 2027 2029 2031 2030
Banco_Bnb 5 2025 2026 2027 2029 2019
Banco_Facil 4 2020 2024 2025 2019
Hotel_Mirvana 4 2020 2017 2018 2019
IBC_Currier 7 2002 2003 2004 2018 2017 2016 2015
Parque_Las_Palma 7 2004 2005 2006 2031 2029 2018
KFS 4 2003 2004 2217 2214
Adidas 4 2214 2217 2218 2216
Iglesia_Atalaya 7 2004 2005 2009 2008 2999 2218 2217
Hotel_de_Sal 4 2008 2009 2010 2999 
Panchita 4 2009 2011 2013 2010
Ollita_Feliz 5 2011 2012 2033 2032 2013
Casa_X5 4 2016 2042 2041 2218
Casa_X6 3 2042 2041 2043
Hotel_Atipax 7 2218 2999 2040 2039 2044 2043 2041
Workout_Gym 6 2999 2010 2013 2038 2039 2040
Museo 7 2039 2044 2045 2034 2050 2048 2038
Banco_JMorgan 7 2013 2032 2057 2036 2035 2048 2038
Biblioteca_UMSS 6 2050 2034 2146 2145 2037 2049
Casa_X2 4 2049 2037 2036 2035
Casa_XX 4 2145 2055 2036 2037
Casa_X1 4 2036 2057 2056 2055
Casa_X 4 2055 2056 2143 2144
Caja_Obrero 1 2160
Parque_La_Familia 8 2072 2071 2150 2141 2142 2143 2056 2057 
Vaquita 4 2012 2061 2072 2033
Teatro 4 2012 2061 2060 2061
Surf 4 2006 2060 2059 2031
Caja_Petrolera 4 2031 2059 2058 2030
Ic_Norte 5 2030 2058 2063 2090 1554
Burger_King 4 2063 2090 2091 2064
Catolica 4 2091 2092 2065 2064
Torres_Sofer_II 4 2065 2073 2093 2092
Clinica_Los_Olivos 7 2068 2074 2073 2065 2064 2067 2080 
Escula_Militar 5 2150 2140 2074 2068 2071
Colegio_Antofagasta 4 2061 2068 2071 2072
Facultad_Economia 5 2060 2080 2059 2062 2067
Condominio_Ambar 4 2062 2067 2064 2063
Salon_Dayna 4 2059 2062 2063 2058
Colegio_de_Danza 7 1544 1508 2108 2098 2099 2091 2090
Casa_4 4 2098 2097 2096 2099
Casa_5 4 2091 2092 2099 2096
Casa_3 4 2098 2097 2100 2101
Plaza_Mujer 3 2098 2097 2102
Hotel_Palma 4 2108 2098 2101 2107
Senasac 4 1508 1539 2107 2108
BunkerGC 3 1539 2107 2106
Casa_2 3 2106 2105 1538
Sernac 5 1538 1537 1535 2103 2105
Elfec 6 2102 2103 1535 1544 2180 2095
Salon_Mery 4 2107 2106 2102 2101
Casa_Korea 4 2100 2095 2094 2097
Tele_Pizza 5 2092 2093 2094 2097 2096
HolydayGym 5 2170 1550 1549 2110 2095
Super_Hass 5 2094 2095 2110 2111 2112
Carnes_Cark 4 2093 2094 2112 2113
Parque_Urbano 8 1549 1550 2115 2114 2113 2112 2111 2110
Torres_Sofer_I 4 2093 2113 2118 2073
Banco_Estado 4 2113 2114 2117 2118
Hostal_Rocal 4 2114 2115 2116 2117
Facultad_de_Medicina 5 2073 2118 2119 2125 2074
Salon_Beauty 4 2118 2117 2120 2119
Hostal 5 2117 2116 2122 2121 2120
Ende 3 2120 2121 2124
Ende 4 2121 2122 2123 2124
Clinica_San_Pablo 6 2119 2120 2124 2133 2126 2125
Biblioteca 5 2074 2125 2126 2132 2140
Dominos_Pizza 5 2124 2123 2128 2127 2133
Estacion_Bomberos 4 2134 2135 1618 1619
Plaza_Olimpia 3 2135 1618 1620 2136
FarmaCorp 4 2136 2131 2130 2135
Hospital_Life 4 2130 2129 2134 2135
Plazuela_Austriaca 4 2150 2140 2141 2132
Plaza_Quintanilla 3 2032 2033 2072